58 0.6909492273730684 0.35714285714285715 0.029433406916850625 0.05322128851540616
64 0.6924208977189109 0.41526610644257705 0.03384841795437822 0.06022408963585434
64 0.06622516556291391 0.39985994397759106 0.041206769683590876 0.06862745098039216
33 0.0706401766004415 0.33123249299719887 0.041206769683590876 0.06862745098039216
26 0.08057395143487858 0.6939775910364145 0.01692420897718911 0.03221288515406162
64 0.5298013245033113 0.6848739495798319 0.01177336276674025 0.022408963585434174
53 0.5573951434878587 0.7037815126050421 0.009565857247976454 0.018207282913165267
40 0.4665194996320824 0.6827731092436975 0.010301692420897719 0.018207282913165267
60 0.46688741721854304 0.7100840336134454 0.009565857247976454 0.01680672268907563
64 0.28329654157468726 0.6939775910364145 0.01177336276674025 0.02100840336134454
50 0.28219278881530535 0.7142857142857143 0.011037527593818985 0.0196078431372549
