59 0.7295805739514348 0.5973389355742297 0.03016924208977189 0.049019607843137254
59 0.22001471670345843 0.5966386554621849 0.03090507726269316 0.056022408963585436
9 0.21780721118469462 0.6477591036414566 0.03090507726269316 0.049019607843137254
9 0.7310522442972774 0.6456582633053222 0.03016924208977189 0.047619047619047616
70 0.6379690949227373 0.688375350140056 0.013245033112582781 0.03221288515406162
9 0.2608535688005887 0.6995798319327731 0.013980868285504048 0.015406162464985995
9 0.40397350993377484 0.6953781512605042 0.010301692420897719 0.023809523809523808
9 0.5813097866077999 0.6911764705882353 0.010301692420897719 0.018207282913165267
52 0.40434142752023544 0.7128851540616247 0.009565857247976454 0.01680672268907563
52 0.5824135393671818 0.7093837535014006 0.009565857247976454 0.018207282913165267
