40 0.7683553597650514 0.4154929577464789 0.05506607929515418 0.09014084507042254
70 0.776064610866373 0.497887323943662 0.039647577092511016 0.06901408450704226
59 0.591042584434655 0.6823943661971831 0.01908957415565345 0.035211267605633804
9 0.591776798825257 0.7154929577464789 0.01762114537444934 0.030985915492957747
9 0.5176211453744494 0.7295774647887324 0.00881057268722467 0.016901408450704224
9 0.3333333333333333 0.7464788732394366 0.00881057268722467 0.016901408450704224
9 0.21218795888399414 0.726056338028169 0.011747430249632892 0.015492957746478873
52 0.5172540381791483 0.747887323943662 0.011013215859030838 0.016901408450704224
52 0.3329662261380323 0.7654929577464789 0.011013215859030838 0.02112676056338028
52 0.21255506607929514 0.7436619718309859 0.011013215859030838 0.016901408450704224
