9 0.6424375917767988 0.12816901408450704 0.08223201174743025 0.1352112676056338
40 0.906754772393539 0.5985915492957746 0.022026431718061675 0.04788732394366197
60 0.7533039647577092 0.6239436619718309 0.013215859030837005 0.03943661971830986
63 0.7555066079295154 0.6619718309859155 0.013215859030837005 0.030985915492957747
63 0.6204111600587372 0.6978873239436619 0.011747430249632892 0.0323943661971831
33 0.6479441997063142 0.25422535211267605 0.06387665198237885 0.1056338028169014
9 0.512114537444934 0.726056338028169 0.011013215859030838 0.018309859154929577
9 0.4298825256975037 0.7077464788732394 0.011013215859030838 0.02112676056338028
47 0.43061674008810574 0.726056338028169 0.008076358296622614 0.018309859154929577
60 0.3267254038179148 0.7492957746478873 0.007342143906020558 0.01971830985915493
