58 0.9716703458425313 0.4432773109243697 0.05224429727740986 0.0938375350140056
56 0.9286239882266373 0.6407563025210085 0.017660044150110375 0.0350140056022409
27 0.8425312729948492 0.47549019607843135 0.03826342899190582 0.06302521008403361
60 0.8469462840323767 0.5644257703081232 0.04415011037527594 0.06722689075630252
64 0.8263428991905813 0.6281512605042017 0.01913171449595291 0.0350140056022409
40 0.5680647534952171 0.646358543417367 0.017660044150110375 0.03221288515406162
47 0.5699043414275202 0.6813725490196079 0.019867549668874173 0.0350140056022409
33 0.5095658572479764 0.6967787114845938 0.012509197939661517 0.02100840336134454
17 0.49448123620309054 0.6680672268907563 0.013245033112582781 0.022408963585434174
33 0.3381162619573216 0.6785714285714286 0.013980868285504048 0.02100840336134454
